9
# Grid : N lines of N values separated by commas .
0, 0, 0, 0, 0, 0, 7, 0, 5
0, 0, 0, 0, 0, 0, 0, 0, 0
7, 0, 0, 0, 0, 0, 0, 0, 0
0, 0, 0, 0, 0, 0, 0, 3, 7
0, 0, 0, 0, 8, 5, 0, 0, 3
0, 2, 0, 0, 0, 0, 0, 0, 0
0, 0, 0, 0, 0, 0, 0, 5, 0
0, 0, 0, 0, 0, 0, 0, 0, 0
0, 0, 0, 0, 0, 0, 0, 0, 0
# Horizontal constraints : one line per row , N -1 values .
-1, 0, 0, -1, 0, -1, 0, 0
1, 0, 0, 1, 0, 0, 0, 1
0, 0, 0, 0, -1, 0, -1, 0
-1, -1, 0, 0, 1, -1, 0, 0
-1, 0, 0, 0, 0, 0, 0, 0
0, 0, 0, 0, 0, 0 , 0, 1
1, 1, 0, 0, 0, -1, 0, 0
0, 0, 1, 0, 0, 0, 0, 0
0, 0, 1, 0, 0, 0, 1, 0
# Vertical constraints : one line per row (N -1 lines ), N values .
1, 0, 0, 0, 0, 0, 0, 1, 0
1, 0, 0, 0, 0, -1, 0, 1, 0
-1, 1, 1, 0, 1, 0, 0, 0, 0
0, 1, 0, 0, 0, 0, -1, 0, 0
0, 0, 0, 0, 0, 0, 0, 0, 0
0, 0, 0, 0, 0, -1, 1, -1, 0
0, 0, 0, 0, 0, 0, 0, 0, 0
0, 0, 0, 0, 0, -1, 0, -1, -1