8
# Grid: 0 = empty cell; 1..8 = pre-filled digit.
0,0,0,0,0,0,0,0
0,0,0,0,0,0,0,0
0,6,0,0,0,0,0,0
0,0,2,0,0,0,0,0
4,0,0,7,0,0,0,0
0,0,0,0,0,0,0,0
0,0,0,0,0,0,0,0
0,0,0,0,0,0,0,0

# Horizontal constraints (N-1 values per row): 1="<", -1=">"
1,1,1,-1,0,0,0
0,0,0,0,0,1,0
-1,0,0,0,-1,0,-1
0,0,0,-1,0,0,-1
0,0,0,1,0,0,0
1,0,0,0,-1,0,0
0,0,-1,1,0,0,0
0,0,-1,-1,0,0,0

# Vertical constraints (N-1 rows of N values): 1="v" (top < bottom), -1="^" (top > bottom)
0,0,1,0,0,-1,0,0
0,-1,1,1,0,0,0,0
0,0,0,0,1,0,0,0
0,-1,1,0,0,0,1,0
0,0,0,0,0,1,0,1
-1,0,0,0,0,0,0,0
0,1,0,0,1,0,1,0