9
# Grid : N lines of N values separated by commas .
0, 0, 0, 0, 0, 0, 0, 0, 4
0, 0, 0, 0, 0, 6, 0, 0, 0
0, 0, 0, 0, 0, 0, 0, 0, 0
0, 0, 0, 0, 0, 0, 0, 0, 0
0, 0, 0, 0, 0, 0, 0, 0, 0
0, 0, 0, 0, 5, 0, 0, 0, 0
0, 0, 0, 0, 0, 0, 2, 0, 0
0, 0, 0, 0, 0, 0, 0, 0, 0
0, 0, 0, 0, 0, 0, 0, 4, 0
# Horizontal constraints : one line per row , N -1 values .
-1, 1, 0, 0, 0, 0, -1, -1
0, 0, 0, 0, 0, 0, 1, 1
0, -1, 0, 0, 0, 0, -1, 0
1, 0, -1, 0, 1, 0, 1, 0
-1, 0, 1, 0, 0, 0, 0, 0
0, 1, 1, 0, 1, 1, 0, 1
0, 0, 0, 0, 1, 0, 0, 1
0, 0, 0, 1, 0, -1, -1, 0
1, 1, 0, 1, 0, 0, 0, -1
# Vertical constraints : one line per row (N -1 lines ), N values .
1, -1, 1, 0, -1, -1, 0, 0, 0
0, 0, 0, -1, 0, 0, 0, 0, 0
1, -1, -1, 0, 0, 0, 1, 0, 1
0, 0, 1, 0, 0, 0, 1, 1, 0
0, 0, 0, 0, -1, 0, 0, 0, 0
0, 0, 0, 0, 0, 0, 0, 0, 0
1, 0, 0, 0, 0, 0, 0, 0, 0
0, 0, 0, 0, 0, 0, 0, 0, 0